Core	CPU	Avg_MHz	Busy%	Bzy_MHz	TSC_MHz	IPC	IRQ	NMI	SMI	LLCMRPS	LLC%hit	POLL%	C1%	C1E%	C3%	C6%	C7s%	CPU%c1	CPU%c3	CPU%c6	CPU%c7	CoreThr	GFX%rc6	GFXMHz	GFXAMHz	Pkg%pc2	Pkg%pc3	Pkg%pc6	Pkg%pc7	PkgWatt	CorWatt	GFXWatt	RAMWatt
-	-	56	2.57	2195	2195	0.91	1819	0	0	11	93.57	0.00	0.05	0.08	0.47	0.36	96.37	3.71	0.65	0.51	92.57	0	99.64	200	0	75.90	0.00	0.00	0.00	2.97	0.47	0.00	1.46
0	0	51	2.30	2195	2195	0.32	1088	0	0	2	94.46	0.00	0.00	0.54	1.81	1.26	93.53	14.31	1.62	1.22	80.55	0	99.68	200	0	75.92	0.00	0.00	0.00	2.97	0.47	0.00	1.46
0	1	241	10.96	2195	2195	1.06	302	0	0	4	93.87	0.00	0.00	0.04	0.74	0.61	87.58	5.66
1	2	132	6.01	2195	2195	0.99	247	0	0	3	94.32	0.00	0.38	0.04	0.63	0.67	92.21	2.37	0.97	0.81	89.84	0
1	3	26	1.18	2195	2195	0.36	167	0	0	1	88.45	0.00	0.00	0.01	0.59	0.37	97.77	7.19
2	4	0	0.02	2194	2195	0.58	3	0	0	0	91.33	0.00	0.00	0.00	0.00	0.00	99.98	0.02	0.00	0.00	99.96	0
2	5	0	0.02	2194	2195	0.58	6	0	0	0	88.15	0.00	0.00	0.00	0.00	0.00	99.98	0.03
3	6	0	0.02	2194	2195	0.58	3	0	0	0	92.10	0.00	0.00	0.00	0.00	0.00	99.98	0.05	0.00	0.00	99.93	0
3	7	1	0.04	2195	2195	1.14	3	0	0	0	75.03	0.00	0.00	0.00	0.00	0.00	99.96	0.02
