Core	CPU	Avg_MHz	Busy%	Bzy_MHz	TSC_MHz	IPC	IRQ	NMI	SMI	LLCMRPS	LLC%hit	POLL%	C1%	C1E%	C3%	C6%	C7s%	CPU%c1	CPU%c3	CPU%c6	CPU%c7	CoreThr	GFX%rc6	GFXMHz	GFXAMHz	Pkg%pc2	Pkg%pc3	Pkg%pc6	Pkg%pc7	PkgWatt	CorWatt	GFXWatt	RAMWatt
-	-	22	1.01	2195	2195	0.48	1532	0	0	6	91.54	0.00	0.03	0.08	0.70	0.32	97.74	2.34	1.14	0.52	95.00	0	99.54	200	0	86.65	0.00	0.00	0.00	2.24	0.14	0.00	1.37
0	0	73	3.33	2195	2195	0.54	1128	0	0	3	94.65	0.00	0.00	0.22	3.92	1.98	89.85	5.92	3.77	1.82	85.16	0	99.55	200	0	86.66	0.00	0.00	0.00	2.24	0.14	0.00	1.37
0	1	36	1.62	2195	2195	0.45	112	0	0	1	86.78	0.00	0.14	0.12	0.68	0.21	97.19	7.63
1	2	40	1.82	2194	2195	0.40	129	0	0	1	90.75	0.00	0.10	0.24	0.52	0.10	97.08	2.19	0.78	0.27	94.94	0
1	3	26	1.19	2195	2195	0.44	150	0	0	1	88.24	0.00	0.00	0.05	0.47	0.31	97.91	2.82
2	4	0	0.02	2195	2195	0.57	3	0	0	0	91.84	0.00	0.00	0.00	0.00	0.00	99.98	0.02	0.00	0.00	99.96	0
2	5	0	0.02	2195	2195	0.61	3	0	0	0	88.49	0.00	0.00	0.00	0.00	0.00	99.98	0.03
3	6	0	0.02	2194	2195	0.60	3	0	0	0	92.03	0.00	0.00	0.00	0.00	0.00	99.98	0.06	0.00	0.00	99.92	0
3	7	1	0.04	2195	2195	1.13	4	0	0	0	76.01	0.00	0.00	0.00	0.00	0.00	99.95	0.03
