Core	CPU	Avg_MHz	Busy%	Bzy_MHz	TSC_MHz	IPC	IRQ	NMI	SMI	LLCMRPS	LLC%hit	POLL%	C1%	C1E%	C3%	C6%	C7s%	CPU%c1	CPU%c3	CPU%c6	CPU%c7	CoreThr	GFX%rc6	GFXMHz	GFXAMHz	Pkg%pc2	Pkg%pc3	Pkg%pc6	Pkg%pc7	PkgWatt	CorWatt	GFXWatt	RAMWatt
-	-	28	1.25	2195	2195	0.53	1614	0	0	7	90.46	0.00	0.02	0.08	0.62	0.31	97.62	2.42	0.96	0.56	94.80	0	99.54	200	0	85.79	0.00	0.00	0.00	2.38	0.18	0.00	1.38
0	0	73	3.33	2195	2195	0.40	1072	0	0	3	93.17	0.00	0.01	0.09	1.87	1.30	92.76	5.50	1.88	1.54	87.76	0	99.53	200	0	85.78	0.00	0.00	0.00	2.38	0.18	0.00	1.37
0	1	35	1.62	2195	2195	0.56	180	0	0	1	85.77	0.00	0.00	0.18	0.50	0.43	97.19	7.21
1	2	54	2.46	2195	2195	0.58	181	0	0	1	89.32	0.00	0.00	0.15	1.23	0.18	95.89	3.32	1.97	0.69	91.56	0
1	3	56	2.54	2194	2195	0.60	169	0	0	2	90.47	0.00	0.11	0.23	1.33	0.58	95.15	3.25
2	4	0	0.02	2194	2195	0.59	3	0	0	0	91.78	0.00	0.00	0.00	0.00	0.00	99.98	0.02	0.00	0.00	99.96	0
2	5	0	0.02	2194	2195	0.63	3	0	0	0	89.85	0.00	0.00	0.00	0.00	0.00	99.99	0.02
3	6	0	0.02	2194	2195	0.59	3	0	0	0	92.29	0.00	0.00	0.00	0.00	0.00	99.98	0.05	0.00	0.00	99.93	0
3	7	1	0.04	2195	2195	1.15	3	0	0	0	78.27	0.00	0.00	0.00	0.00	0.00	99.96	0.03
