Core	CPU	Avg_MHz	Busy%	Bzy_MHz	TSC_MHz	IPC	IRQ	NMI	SMI	LLCMRPS	LLC%hit	POLL%	C1%	C1E%	C3%	C6%	C7s%	CPU%c1	CPU%c3	CPU%c6	CPU%c7	CoreThr	GFX%rc6	GFXMHz	GFXAMHz	Pkg%pc2	Pkg%pc3	Pkg%pc6	Pkg%pc7	PkgWatt	CorWatt	GFXWatt	RAMWatt
-	-	79	3.58	2195	2195	0.97	1829	0	0	13	93.56	0.00	0.05	0.09	0.46	0.43	95.30	4.49	0.72	0.71	90.49	0	99.75	200	0	68.88	0.00	0.00	0.00	3.40	0.66	0.00	1.52
0	0	59	2.70	2195	2195	0.44	1085	0	0	2	92.36	0.00	0.01	0.51	2.05	1.81	92.44	15.77	2.05	1.93	77.55	0	99.74	200	0	68.88	0.00	0.00	0.00	3.40	0.66	0.00	1.52
0	1	277	12.61	2195	2195	1.09	296	0	0	5	94.77	0.00	0.03	0.07	0.65	0.66	85.91	5.86
1	2	41	1.86	2195	2195	0.43	181	0	0	1	87.76	0.00	0.34	0.06	0.62	0.74	96.33	11.87	0.84	0.93	84.50	0
1	3	250	11.41	2195	2195	1.06	255	0	0	5	94.53	0.00	0.00	0.07	0.34	0.27	87.86	2.31
2	4	0	0.02	2194	2195	0.60	3	0	0	0	91.48	0.00	0.00	0.00	0.00	0.00	99.97	0.02	0.00	0.00	99.96	0
2	5	0	0.02	2194	2195	0.65	3	0	0	0	89.77	0.00	0.00	0.00	0.00	0.00	99.98	0.02
3	6	0	0.02	2194	2195	0.62	3	0	0	0	91.39	0.00	0.00	0.00	0.00	0.00	99.97	0.05	0.00	0.00	99.93	0
3	7	1	0.04	2195	2195	1.18	3	0	0	0	78.39	0.00	0.00	0.00	0.00	0.00	99.95	0.03
