cpu  4843499 16265 749969 160254227 90450 0 7809 0 0 0
cpu0 1184834 1393 188867 19078863 22774 0 3336 0 0 0
cpu1 1145142 1108 179512 19398025 20801 0 842 0 0 0
cpu2 1203407 5909 197862 19303159 24586 0 3480 0 0 0
cpu3 1147260 7854 177829 19394668 22286 0 150 0 0 0
cpu4 162855 0 5893 20647484 1 0 0 0 0 0
cpu6 0 0 0 20815869 0 0 0 0 0 0
cpu7 0 0 0 20815869 0 0 0 0 0 0
intr 349187162 42 62 0 0 0 0 0 0 1 19850 0 0 3404 0 0 0 130035 0 9 3014488 0 0 0 33 0 1 1 1 3293590 0 25 75471 250 802 0 0 0 0 0 0 0 0 0 0 0 0 0 0 0 0 0 0 0 0 0 0 0 0 0 0 0 0 0 0 0 0 0 0 0 0 0 0 0 0 0 0 0 0 0 0 0 0 0 0 0 0 0 0 0 0 0 0 0 0 0 0 0 0 0 0 0 0 0 0 0 0 0 0 0 0 0 0 0 0 0 0 0 0 0 0 0 0 0 0 0 0 0 0 0 0 0 0 0 0 0 0 0 0 0 0 0 0 0 0 0 0 0 0 0 0 0 0 0 0 0 0 0 0 0 0 0 0 0 0 0 0 0 0 0 0 0 0 0 0 0 0 0 0 0 0 0 0 0 0 0 0 0 0 0 0 0 0 0 0 0 0 0 0 0 0 0 0 0 0 0 0 0 0 0 0 0 0 0 0 0 0 0 0 0 0 0 0 0 0 0 0 0 0 0 0 0 0 0 0 0 0 0 0 0 0 0 0 0 0 0 0 0 0 0 0 0 0 0 0 0 0 0 0 0 0 0 0 0 0 0 0 0 0 0 0 0 0 0 0 0 0 0 0 0 0 0 0 0 0 0 0 0 0 0 0 0 0 0 0 0 0 0 0 0 0 0 0 0 0 0 0 0 0 0 0 0 0 0 0 0 0 0 0 0 0 0 0 0 0 0 0 0 0 0 0 0 0 0 0 0 0 0 0 0 0 0 0 0 0 0 0 0 0 0 0 0 0 0 0 0 0 0 0 0 0 0 0 0 0 0 0 0 0 0 0 0 0 0 0 0 0 0 0 0 0 0 0 0 0 0 0 0 0 0 0 0 0 0 0 0 0 0 0 0 0 0 0 0 0 0 0 0 0 0 0 0 0 0 0 0 0 0 0 0 0 0 0 0 0 0 0 0 0 0 0 0 0 0 0 0 0 0 0 0 0 0 0 0 0 0 0 0 0 0 0 0 0 0 0 0 0 0 0 0 0 0 0 0 0 0 0 0 0 0 0 0 0 0 0 0 0 0 0 0 0 0 0 0 0 0 0 0 0
ctxt 278578930
btime 1788705415
processes 2114467
procs_running 1
procs_blocked 0
softirq 142200989 474 11960834 1603 1170002 3033798 1 10076031 91219713 59577 24678956
