cpu  5111983 16266 763616 161461520 91220 0 7854 0 0 0
cpu0 1200161 1393 191592 19272079 22992 0 3346 0 0 0
cpu1 1160206 1109 182194 19592832 20964 0 846 0 0 0
cpu2 1219138 5909 200586 19497149 24827 0 3510 0 0 0
cpu3 1162662 7854 180350 19589457 22433 0 152 0 0 0
cpu4 369767 0 8809 20651030 2 0 0 0 0 0
cpu6 0 0 25 21029377 0 0 0 0 0 0
cpu7 46 0 54 21029308 0 0 0 0 0 0
intr 353344450 42 62 0 0 0 0 0 0 1 19852 0 0 3404 0 0 0 131242 0 9 3045271 0 0 0 33 0 1 1 1 3315514 0 25 75553 250 802 0 0 0 0 0 0 0 0 0 0 0 0 0 0 0 0 0 0 0 0 0 0 0 0 0 0 0 0 0 0 0 0 0 0 0 0 0 0 0 0 0 0 0 0 0 0 0 0 0 0 0 0 0 0 0 0 0 0 0 0 0 0 0 0 0 0 0 0 0 0 0 0 0 0 0 0 0 0 0 0 0 0 0 0 0 0 0 0 0 0 0 0 0 0 0 0 0 0 0 0 0 0 0 0 0 0 0 0 0 0 0 0 0 0 0 0 0 0 0 0 0 0 0 0 0 0 0 0 0 0 0 0 0 0 0 0 0 0 0 0 0 0 0 0 0 0 0 0 0 0 0 0 0 0 0 0 0 0 0 0 0 0 0 0 0 0 0 0 0 0 0 0 0 0 0 0 0 0 0 0 0 0 0 0 0 0 0 0 0 0 0 0 0 0 0 0 0 0 0 0 0 0 0 0 0 0 0 0 0 0 0 0 0 0 0 0 0 0 0 0 0 0 0 0 0 0 0 0 0 0 0 0 0 0 0 0 0 0 0 0 0 0 0 0 0 0 0 0 0 0 0 0 0 0 0 0 0 0 0 0 0 0 0 0 0 0 0 0 0 0 0 0 0 0 0 0 0 0 0 0 0 0 0 0 0 0 0 0 0 0 0 0 0 0 0 0 0 0 0 0 0 0 0 0 0 0 0 0 0 0 0 0 0 0 0 0 0 0 0 0 0 0 0 0 0 0 0 0 0 0 0 0 0 0 0 0 0 0 0 0 0 0 0 0 0 0 0 0 0 0 0 0 0 0 0 0 0 0 0 0 0 0 0 0 0 0 0 0 0 0 0 0 0 0 0 0 0 0 0 0 0 0 0 0 0 0 0 0 0 0 0 0 0 0 0 0 0 0 0 0 0 0 0 0 0 0 0 0 0 0 0 0 0 0 0 0 0 0 0 0 0 0 0 0 0 0 0 0 0 0 0 0 0 0 0 0 0 0 0 0 0 0 0 0 0 0 0 0 0 0 0 0 0 0
ctxt 281814432
btime 1788705415
processes 2146478
procs_running 1
procs_blocked 0
softirq 143833043 474 12127874 1603 1173509 3064581 1 10106475 92241222 59577 25057727
