Core	CPU	Avg_MHz	Busy%	Bzy_MHz	TSC_MHz	IPC	IRQ	NMI	SMI	LLCMRPS	LLC%hit	POLL%	C1%	C1E%	C3%	C6%	C7s%	CPU%c1	CPU%c3	CPU%c6	CPU%c7	CoreThr	GFX%rc6	GFXMHz	GFXAMHz	Pkg%pc2	Pkg%pc3	Pkg%pc6	Pkg%pc7	PkgWatt	CorWatt	GFXWatt	RAMWatt
-	-	23	1.04	2197	2198	0.81	1427	0	0	5	89.96	0.00	0.12	0.08	0.27	0.15	98.36	2.52	0.47	0.25	95.73	0	99.74	200	0	85.98	0.00	0.00	0.00	2.29	0.19	0.00	1.39
0	0	60	2.73	2195	2195	0.65	1060	0	0	2	91.83	0.00	0.35	0.23	1.55	0.63	93.87	5.49	1.78	0.61	89.39	0	99.44	200	0	85.82	0.00	0.00	0.00	2.28	0.19	0.00	1.38
0	1	20	0.93	2195	2195	0.39	161	0	0	1	83.63	0.00	0.00	0.04	0.49	0.18	98.30	7.29
1	2	86	3.92	2195	2195	1.07	128	0	0	2	91.95	0.00	0.60	0.27	0.06	0.30	94.80	2.08	0.10	0.38	93.52	0
1	3	13	0.60	2194	2195	0.53	65	0	0	0	86.25	0.00	0.00	0.08	0.05	0.10	99.13	5.13
2	4	0	0.02	2195	2195	0.56	3	0	0	0	89.89	0.00	0.00	0.00	0.00	0.00	99.98	0.02	0.00	0.00	99.96	0
2	5	0	0.02	2195	2195	0.57	3	0	0	0	85.54	0.00	0.00	0.00	0.00	0.00	99.98	0.02
3	6	0	0.02	2194	2195	0.57	3	0	0	0	90.78	0.00	0.00	0.00	0.00	0.00	99.98	0.05	0.00	0.00	99.93	0
3	7	1	0.04	2195	2195	1.15	4	0	0	0	74.96	0.00	0.00	0.00	0.00	0.00	99.96	0.03
