Core	CPU	Avg_MHz	Busy%	Bzy_MHz	TSC_MHz	IPC	IRQ	NMI	SMI	LLCMRPS	LLC%hit	POLL%	C1%	C1E%	C3%	C6%	C7s%	CPU%c1	CPU%c3	CPU%c6	CPU%c7	CoreThr	GFX%rc6	GFXMHz	GFXAMHz	Pkg%pc2	Pkg%pc3	Pkg%pc6	Pkg%pc7	PkgWatt	CorWatt	GFXWatt	RAMWatt
-	-	83	3.76	2195	2195	0.97	1788	0	0	14	92.39	0.00	0.06	0.13	0.57	0.41	95.01	4.73	0.92	0.68	89.92	0	99.74	200	0	67.90	0.00	0.00	0.00	3.50	0.69	0.00	1.53
0	0	288	13.11	2195	2195	0.96	1110	0	0	6	92.98	0.00	0.30	0.29	2.15	1.88	81.77	5.34	2.63	2.26	76.65	0	99.71	200	0	67.90	0.00	0.00	0.00	3.50	0.69	0.00	1.53
0	1	53	2.44	2195	2195	0.58	187	0	0	1	87.98	0.00	0.14	0.07	1.02	0.76	95.55	16.02
1	2	270	12.32	2195	2195	1.13	236	0	0	5	95.25	0.00	0.00	0.15	0.34	0.17	86.99	3.03	1.03	0.44	83.16	0
1	3	46	2.08	2194	2195	0.58	241	0	0	1	85.34	0.00	0.02	0.56	1.04	0.46	95.75	13.27
2	4	0	0.02	2194	2195	0.57	3	0	0	0	91.89	0.00	0.00	0.00	0.00	0.00	99.98	0.04	0.00	0.00	99.94	0
2	5	1	0.04	2195	2195	0.27	3	0	0	0	63.04	0.00	0.00	0.00	0.00	0.00	99.96	0.02
3	6	0	0.02	2194	2195	0.58	3	0	0	0	92.24	0.00	0.00	0.00	0.00	0.00	99.98	0.06	0.00	0.00	99.93	0
3	7	1	0.05	2195	2195	1.12	5	0	0	0	79.93	0.00	0.00	0.00	0.00	0.00	99.95	0.03
