Core	CPU	Avg_MHz	Busy%	Bzy_MHz	TSC_MHz	IPC	IRQ	NMI	SMI	LLCMRPS	LLC%hit	POLL%	C1%	C1E%	C3%	C6%	C7s%	CPU%c1	CPU%c3	CPU%c6	CPU%c7	CoreThr	GFX%rc6	GFXMHz	GFXAMHz	Pkg%pc2	Pkg%pc3	Pkg%pc6	Pkg%pc7	PkgWatt	CorWatt	GFXWatt	RAMWatt
-	-	13	0.61	2195	2195	0.40	1502	0	0	5	92.83	0.00	0.03	0.06	0.48	0.28	98.45	1.95	1.00	0.48	95.96	0	99.65	200	0	89.32	0.00	0.00	0.00	2.04	0.09	0.00	1.34
0	0	48	2.21	2195	2195	0.31	1121	0	0	2	95.95	0.00	0.02	0.22	2.63	1.60	92.61	4.70	2.40	1.51	89.19	0	99.62	200	0	89.31	0.00	0.00	0.00	2.04	0.09	0.00	1.34
0	1	10	0.45	2195	2195	0.55	37	0	0	0	78.34	0.00	0.00	0.01	0.00	0.10	99.43	6.46
1	2	25	1.15	2194	2195	0.51	177	0	0	1	91.81	0.00	0.15	0.15	0.40	0.16	97.90	2.05	1.62	0.41	94.77	0
1	3	22	0.98	2195	2195	0.37	155	0	0	1	92.49	0.00	0.06	0.09	0.84	0.37	97.58	2.22
2	4	0	0.02	2194	2195	0.59	3	0	0	0	92.35	0.00	0.00	0.00	0.00	0.00	99.98	0.05	0.00	0.00	99.93	0
2	5	1	0.04	2195	2195	0.23	3	0	0	0	61.47	0.00	0.00	0.00	0.00	0.00	99.96	0.02
3	6	0	0.02	2194	2195	0.60	3	0	0	0	91.91	0.00	0.00	0.00	0.00	0.00	99.98	0.06	0.00	0.00	99.93	0
3	7	1	0.04	2195	2195	1.14	3	0	0	0	78.82	0.00	0.00	0.00	0.00	0.00	99.96	0.03
