Core	CPU	Avg_MHz	Busy%	Bzy_MHz	TSC_MHz	IPC	IRQ	NMI	SMI	LLCMRPS	LLC%hit	POLL%	C1%	C1E%	C3%	C6%	C7s%	CPU%c1	CPU%c3	CPU%c6	CPU%c7	CoreThr	GFX%rc6	GFXMHz	GFXAMHz	Pkg%pc2	Pkg%pc3	Pkg%pc6	Pkg%pc7	PkgWatt	CorWatt	GFXWatt	RAMWatt
-	-	80	3.63	2196	2196	0.97	1786	0	0	14	92.71	0.00	0.10	0.08	0.52	0.28	95.38	4.74	0.77	0.46	90.40	0	99.64	200	0	68.75	0.00	0.00	0.00	3.48	0.69	0.00	1.52
0	0	301	13.71	2195	2195	1.04	1079	0	0	6	95.19	0.00	0.72	0.14	1.99	1.08	81.87	6.10	2.21	1.51	76.47	0	99.57	200	0	68.75	0.00	0.00	0.00	3.48	0.69	0.00	1.52
0	1	49	2.24	2194	2195	0.43	245	0	0	1	83.98	0.00	0.00	0.37	0.93	0.62	95.77	17.58
1	2	252	11.47	2195	2195	1.05	303	0	0	5	93.06	0.00	0.08	0.10	0.72	0.16	87.44	1.98	0.88	0.33	85.34	0
1	3	30	1.38	2195	2195	0.46	138	0	0	1	88.84	0.00	0.00	0.06	0.51	0.36	97.66	12.07
2	4	0	0.02	2194	2195	0.58	3	0	0	0	92.07	0.00	0.00	0.00	0.00	0.00	99.98	0.04	0.00	0.00	99.94	0
2	5	1	0.03	2195	2195	0.29	3	0	0	0	64.40	0.00	0.00	0.00	0.00	0.00	99.97	0.02
3	6	1	0.03	2195	2195	0.43	3	0	0	0	91.42	0.00	0.00	0.00	0.00	0.00	99.97	0.13	0.00	0.00	99.84	0
3	7	3	0.12	2195	2195	0.49	12	0	0	0	81.88	0.00	0.00	0.00	0.00	0.00	99.88	0.03
