Core	CPU	Avg_MHz	Busy%	Bzy_MHz	TSC_MHz	IPC	IRQ	NMI	SMI	LLCMRPS	LLC%hit	POLL%	C1%	C1E%	C3%	C6%	C7s%	CPU%c1	CPU%c3	CPU%c6	CPU%c7	CoreThr	GFX%rc6	GFXMHz	GFXAMHz	Pkg%pc2	Pkg%pc3	Pkg%pc6	Pkg%pc7	PkgWatt	CorWatt	GFXWatt	RAMWatt
-	-	16	0.71	2193	2195	0.46	1527	0	0	5	91.79	0.00	0.06	0.15	0.57	0.44	97.96	2.11	1.09	0.70	95.39	0	99.55	200	0	88.19	0.00	0.00	0.00	2.14	0.11	0.00	1.35
0	0	54	2.48	2194	2195	0.31	1150	0	0	3	94.85	0.00	0.01	0.30	3.34	2.70	90.45	5.36	3.33	2.43	86.41	0	99.54	200	0	88.19	0.00	0.00	0.00	2.14	0.11	0.00	1.35
0	1	22	0.99	2194	2195	0.48	147	0	0	1	86.40	0.00	0.00	0.11	0.53	0.28	98.02	6.84
1	2	33	1.50	2192	2195	0.67	136	0	0	1	87.71	0.00	0.16	0.40	0.50	0.31	97.06	1.84	1.03	0.36	95.27	0
1	3	13	0.59	2187	2195	0.43	80	0	0	0	92.90	0.00	0.31	0.37	0.22	0.27	98.21	2.75
2	4	1	0.02	2194	2195	0.47	5	0	0	0	89.05	0.00	0.00	0.00	0.00	0.00	99.97	0.02	0.00	0.00	99.95	0
2	5	0	0.02	2194	2195	0.58	3	0	0	0	89.75	0.00	0.00	0.00	0.00	0.00	99.98	0.03
3	6	0	0.02	2194	2195	0.58	3	0	0	0	92.86	0.00	0.00	0.00	0.00	0.00	99.98	0.06	0.00	0.00	99.93	0
3	7	1	0.04	2195	2195	1.15	3	0	0	0	79.48	0.00	0.00	0.00	0.00	0.00	99.96	0.03
