Core	CPU	Avg_MHz	Busy%	Bzy_MHz	TSC_MHz	IPC	IRQ	NMI	SMI	LLCMRPS	LLC%hit	POLL%	C1%	C1E%	C3%	C6%	C7s%	CPU%c1	CPU%c3	CPU%c6	CPU%c7	CoreThr	GFX%rc6	GFXMHz	GFXAMHz	Pkg%pc2	Pkg%pc3	Pkg%pc6	Pkg%pc7	PkgWatt	CorWatt	GFXWatt	RAMWatt
-	-	10	0.44	2194	2195	0.37	1381	0	0	3	94.33	0.00	0.01	0.08	0.32	0.23	98.82	1.69	0.74	0.34	96.78	0	99.55	200	0	90.64	0.00	0.00	0.00	2.11	0.08	0.00	1.33
0	0	39	1.78	2194	2195	0.29	1064	0	0	2	97.11	0.00	0.00	0.12	1.98	1.12	94.32	4.99	1.97	1.23	90.03	0	99.54	200	0	90.64	0.00	0.00	0.00	2.11	0.08	0.00	1.33
0	1	18	0.81	2194	2195	0.48	153	0	0	1	87.07	0.00	0.05	0.10	0.39	0.39	98.18	5.96
1	2	8	0.35	2195	2195	0.40	81	0	0	0	95.50	0.00	0.00	0.06	0.07	0.34	99.15	1.30	0.98	0.14	97.22	0
1	3	11	0.52	2191	2195	0.38	69	0	0	1	94.14	0.00	0.00	0.33	0.12	0.00	99.00	1.13
2	4	0	0.02	2195	2195	0.49	4	0	0	0	89.07	0.00	0.00	0.00	0.00	0.00	99.98	0.02	0.00	0.00	99.95	0
2	5	0	0.02	2195	2195	0.61	3	0	0	0	88.63	0.00	0.00	0.00	0.00	0.00	99.98	0.02
3	6	0	0.02	2195	2195	0.62	3	0	0	0	92.37	0.00	0.00	0.00	0.00	0.00	99.98	0.05	0.00	0.00	99.93	0
3	7	1	0.04	2195	2195	1.18	4	0	0	0	85.96	0.00	0.00	0.00	0.00	0.00	99.96	0.03
