Core	CPU	Avg_MHz	Busy%	Bzy_MHz	TSC_MHz	IPC	IRQ	NMI	SMI	LLCMRPS	LLC%hit	POLL%	C1%	C1E%	C3%	C6%	C7s%	CPU%c1	CPU%c3	CPU%c6	CPU%c7	CoreThr	GFX%rc6	GFXMHz	GFXAMHz	Pkg%pc2	Pkg%pc3	Pkg%pc6	Pkg%pc7	PkgWatt	CorWatt	GFXWatt	RAMWatt
-	-	21	0.96	2195	2196	0.73	1547	0	0	5	92.10	0.00	0.01	0.09	0.32	0.27	98.28	2.27	0.53	0.43	95.82	0	99.45	200	0	86.85	0.00	0.00	0.00	2.25	0.17	0.00	1.37
0	0	67	3.06	2194	2195	0.78	1096	0	0	2	95.52	0.00	0.05	0.17	1.69	1.42	92.92	6.22	1.74	1.24	87.73	0	99.40	200	0	86.84	0.00	0.00	0.00	2.25	0.17	0.00	1.37
0	1	39	1.76	2193	2195	0.87	120	0	0	1	86.94	0.00	0.00	0.45	0.34	0.18	97.22	7.52
1	2	38	1.71	2195	2195	0.67	209	0	0	1	91.80	0.00	0.00	0.06	0.20	0.35	97.58	1.73	0.38	0.48	95.70	0
1	3	22	0.99	2195	2195	0.47	99	0	0	1	89.03	0.00	0.00	0.03	0.31	0.22	98.40	2.45
2	4	0	0.02	2195	2195	0.55	3	0	0	0	90.70	0.00	0.00	0.00	0.00	0.00	99.98	0.02	0.00	0.00	99.96	0
2	5	0	0.02	2195	2195	0.61	3	0	0	0	88.02	0.00	0.00	0.00	0.00	0.00	99.98	0.03
3	6	1	0.02	2195	2195	0.45	3	0	0	0	90.17	0.00	0.00	0.00	0.00	0.00	99.97	0.12	0.00	0.00	99.85	0
3	7	2	0.08	2195	2195	0.72	14	0	0	0	75.70	0.00	0.00	0.00	0.00	0.00	99.91	0.03
